FR0003500008;28/06/05;4167.56;4195.73;4165.19;4194.33;2996042
FR0003500008;29/06/05;4211.78;4245.36;4207.36;4231.88;4401073
FR0003500008;30/06/05;4225.54;4254.80;4223.68;4229.35;4243607
FR0003500008;01/07/05;4224.66;4269.62;4220.75;4269.62;2982478
FR0003500008;04/07/05;4276.71;4276.71;4258.56;4264.60;2131759
FR0003500008;05/07/05;4264.00;4265.25;4231.93;4252.75;3147712
FR0003500008;06/07/05;4272.64;4292.07;4264.00;4279.95;3640441
FR0003500008;07/07/05;4269.56;4269.67;4089.27;4220.62;9483219
FR0003500008;08/07/05;4264.71;4300.31;4252.07;4300.31;4246262
FR0003500008;11/07/05;4317.90;4332.99;4313.99;4321.56;3574364
FR0003500008;12/07/05;4319.86;4330.52;4293.67;4313.78;3782732
FR0003500008;13/07/05;4318.06;4346.11;4316.15;4343.62;3713925
FR0003500008;14/07/05;4352.08;4389.49;4348.45;4370.88;3769825
FR0003500008;15/07/05;4369.96;4383.94;4361.77;4373.77;3445468
FR0003500008;18/07/05;4381.19;4388.70;4357.50;4363.47;2552897
FR0003500008;19/07/05;4367.25;4424.25;4367.25;4424.25;7031912
FR0003500008;20/07/05;4421.21;4435.29;4402.16;4418.39;4499149
FR0003500008;21/07/05;4435.20;4465.90;4403.57;4425.66;6144941
FR0003500008;22/07/05;4420.39;4434.11;4396.62;4415.52;3967415
FR0003500008;25/07/05;4423.23;4431.65;4403.02;4422.12;3145227
FR0003500008;26/07/05;4424.19;4445.15;4414.59;4420.78;3429845
FR0003500008;27/07/05;4435.73;4449.35;4428.66;4433.13;3379079
FR0003500008;28/07/05;4455.78;4472.17;4451.32;4462.26;4500649
FR0003500008;29/07/05;4473.31;4483.47;4440.32;4451.74;4123295
FR0003500008;01/08/05;4457.49;4478.72;4448.24;4456.87;2653524
FR0003500008;02/08/05;4459.89;4503.33;4457.22;4503.33;2845908
FR0003500008;03/08/05;4501.05;4503.74;4474.71;4495.48;3776917
FR0003500008;04/08/05;4471.54;4485.51;4444.63;4458.97;3875026
FR0003500008;05/08/05;4438.49;4466.97;4421.70;4421.70;3609382
FR0003500008;08/08/05;4437.15;4462.01;4433.02;4441.01;2195647
FR0003500008;09/08/05;4445.75;4491.69;4436.59;4491.69;3390503
FR0003500008;10/08/05;4501.70;4527.11;4501.70;4527.11;3780294
FR0003500008;11/08/05;4513.13;4522.90;4489.66;4509.10;3050663
FR0003500008;12/08/05;4496.39;4510.40;4467.60;4476.48;2429470
FR0003500008;15/08/05;4470.41;4485.63;4462.55;4466.58;1351475
FR0003500008;16/08/05;4483.86;4490.53;4441.55;4444.57;2712770
FR0003500008;17/08/05;4433.85;4443.27;4410.46;4439.63;2918367
FR0003500008;18/08/05;4436.62;4441.85;4406.02;4430.07;2803430
FR0003500008;19/08/05;4433.56;4489.36;4431.27;4487.90;3064007
FR0003500008;22/08/05;4491.76;4498.04;4478.61;4485.94;2004928
FR0003500008;23/08/05;4471.87;4472.46;4436.56;4436.56;2702721
FR0003500008;24/08/05;4428.16;4431.70;4401.20;4424.43;3455288
FR0003500008;25/08/05;4396.71;4396.71;4369.21;4378.51;3332484
FR0003500008;26/08/05;4380.14;4392.75;4342.70;4342.70;2786306
FR0003500008;29/08/05;4319.93;4364.24;4313.34;4361.27;1996640
FR0003500008;30/08/05;4373.60;4381.68;4356.66;4356.66;2828531
FR0003500008;31/08/05;4362.09;4400.00;4356.72;4399.36;5287731
FR0003500008;01/09/05;4423.70;4437.86;4407.64;4424.15;4378205
FR0003500008;02/09/05;4414.25;4432.60;4392.74;4404.95;3750881
FR0003500008;05/09/05;4404.81;4431.63;4404.81;4430.09;2402140
FR0003500008;06/09/05;4437.71;4472.55;4433.73;4472.55;3955069
FR0003500008;07/09/05;4489.83;4497.42;4476.05;4486.19;4501846
FR0003500008;08/09/05;4478.17;4485.85;4453.40;4465.94;4164836
FR0003500008;09/09/05;4473.40;4495.25;4473.40;4491.68;3187033
FR0003500008;12/09/05;4504.86;4517.62;4489.71;4491.82;3405452
FR0003500008;13/09/05;4493.18;4498.46;4453.41;4453.41;4312991
FR0003500008;14/09/05;4460.17;4478.77;4454.34;4470.43;3613893
FR0003500008;15/09/05;4461.33;4495.20;4459.27;4479.39;3641235
FR0003500008;16/09/05;4479.33;4526.93;4476.27;4509.49;5241199
FR0003500008;19/09/05;4486.21;4522.96;4463.06;4505.68;3313822
FR0003500008;20/09/05;4516.18;4536.99;4514.83;4531.80;4328521
FR0003500008;21/09/05;4497.93;4514.49;4466.23;4468.06;4773103
FR0003500008;22/09/05;4454.77;4462.58;4424.20;4448.15;4778566
FR0003500008;23/09/05;4458.82;4477.20;4452.42;4477.20;3503042
FR0003500008;26/09/05;4510.40;4566.92;4510.40;4566.92;4982815
FR0003500008;27/09/05;4556.05;4562.54;4537.31;4546.80;3545374
FR0003500008;28/09/05;4563.40;4602.42;4563.40;4599.63;4523085
FR0003500008;29/09/05;4598.73;4607.43;4576.02;4578.86;3162920
FR0003500008;30/09/05;4618.90;4620.85;4586.03;4600.02;3513446
FR0003500008;03/10/05;4610.01;4631.59;4608.10;4622.54;3234203
FR0003500008;04/10/05;4624.44;4651.11;4607.43;4650.24;4051556
FR0003500008;05/10/05;4619.40;4625.25;4594.11;4594.11;4801229
FR0003500008;06/10/05;4546.29;4552.07;4519.65;4536.90;5980028
FR0003500008;07/10/05;4521.43;4551.69;4514.74;4528.79;4135334
FR0003500008;10/10/05;4544.05;4561.52;4528.90;4536.22;3004314
FR0003500008;11/10/05;4536.09;4570.49;4535.92;4549.68;3728278
FR0003500008;12/10/05;4530.19;4543.96;4509.63;4515.05;3545938
FR0003500008;13/10/05;4500.73;4513.31;4452.20;4470.13;4364493
FR0003500008;14/10/05;4456.49;4500.06;4445.83;4482.13;5008199
FR0003500008;17/10/05;4498.51;4507.35;4485.14;4489.21;3445110
FR0003500008;18/10/05;4494.99;4502.01;4452.90;4461.14;4151916
FR0003500008;19/10/05;4418.37;4431.04;4373.05;4375.09;5624696
FR0003500008;20/10/05;4436.54;4445.32;4383.75;4390.66;4300113
FR0003500008;21/10/05;4354.39;4391.21;4354.39;4366.52;3973075
FR0003500008;24/10/05;4371.95;4421.97;4362.74;4421.97;2918299
FR0003500008;25/10/05;4440.72;4441.75;4396.99;4396.99;3797211
FR0003500008;26/10/05;4400.82;4433.48;4392.60;4412.70;3786153
FR0003500008;27/10/05;4375.75;4383.53;4329.46;4336.41;5177718
FR0003500008;28/10/05;4320.30;4348.20;4288.15;4326.71;4409266
FR0003500008;31/10/05;4373.04;4436.45;4373.04;4436.45;3948706
FR0003500008;01/11/05;4432.91;4450.12;4421.75;4434.75;3350426
FR0003500008;02/11/05;4424.08;4449.12;4398.64;4429.65;4178080
FR0003500008;03/11/05;4454.57;4502.16;4449.03;4502.02;4640588
FR0003500008;04/11/05;4497.27;4506.27;4476.42;4498.70;4124724
FR0003500008;07/11/05;4493.31;4516.73;4475.73;4503.65;2969898
FR0003500008;08/11/05;4521.42;4532.64;4493.68;4503.62;4816295
FR0003500008;09/11/05;4509.10;4511.95;4476.58;4480.23;3743588
FR0003500008;10/11/05;4496.35;4506.66;4474.23;4479.50;4061470
FR0003500008;11/11/05;4526.27;4541.82;4513.75;4536.49;3297830
FR0003500008;14/11/05;4530.08;4563.80;4521.39;4548.45;3334081
FR0003500008;15/11/05;4545.96;4557.21;4527.19;4543.15;4096265
FR0003500008;16/11/05;4531.30;4534.91;4494.53;4512.13;3960420
FR0003500008;17/11/05;4522.87;4543.86;4514.56;4523.18;4004110
FR0003500008;18/11/05;4555.98;4577.29;4543.29;4556.23;4525656
FR0003500008;21/11/05;4563.05;4593.64;4556.24;4586.38;3326286
FR0003500008;22/11/05;4593.08;4593.18;4574.11;4580.81;3227688
FR0003500008;23/11/05;4611.13;4611.13;4588.81;4608.65;3759334
FR0003500008;24/11/05;4598.28;4606.60;4574.36;4586.84;2827887
FR0003500008;25/11/05;4592.29;4601.71;4580.52;4600.48;2221490
FR0003500008;28/11/05;4621.61;4632.64;4575.12;4575.31;5058324
FR0003500008;29/11/05;4568.34;4606.00;4556.78;4588.73;3396420
FR0003500008;30/11/05;4575.89;4584.68;4551.28;4567.41;5485405
FR0003500008;01/12/05;4581.73;4636.46;4580.18;4636.46;4044574
FR0003500008;02/12/05;4651.16;4662.50;4637.10;4662.50;3096516
FR0003500008;05/12/05;4660.01;4666.10;4636.81;4650.54;3373591
FR0003500008;06/12/05;4654.50;4681.41;4648.77;4677.20;3444206
FR0003500008;07/12/05;4676.60;4690.75;4651.43;4660.58;3562811
FR0003500008;08/12/05;4635.95;4669.93;4623.23;4669.93;3718846
FR0003500008;09/12/05;4659.71;4668.28;4647.63;4661.01;3022888
FR0003500008;12/12/05;4674.04;4698.45;4661.22;4673.13;4122775
FR0003500008;13/12/05;4673.07;4701.85;4666.88;4693.40;3737338
FR0003500008;14/12/05;4698.99;4706.50;4672.87;4674.85;4186180
FR0003500008;15/12/05;4683.56;4684.75;4657.72;4673.14;4312672
FR0003500008;16/12/05;4670.74;4724.09;4670.74;4704.41;6973984
FR0003500008;19/12/05;4705.62;4712.87;4691.29;4694.86;3909886
FR0003500008;20/12/05;4676.21;4709.84;4674.18;4703.48;4420590
FR0003500008;21/12/05;4706.85;4752.41;4706.85;4752.41;4108068
FR0003500008;22/12/05;4745.55;4766.09;4742.67;4751.96;2889021
FR0003500008;23/12/05;4758.76;4768.94;4746.60;4757.74;1742674
FR0003500008;27/12/05;4751.15;4780.05;4751.15;4769.38;1456648
FR0003500008;28/12/05;4757.51;4771.97;4749.05;4756.93;1758587
FR0003500008;29/12/05;4762.31;4776.53;4760.68;4772.93;1775275
FR0003500008;30/12/05;4761.61;4761.61;4703.34;4715.23;1951327
FR0003500008;02/01/06;4731.92;4757.54;4727.09;4754.92;1277809
FR0003500008;03/01/06;4761.95;4803.23;4755.72;4776.98;3929618
FR0003500008;04/01/06;4820.90;4838.52;4799.19;4838.52;4546846
FR0003500008;05/01/06;4839.09;4849.67;4826.31;4835.09;4260650
FR0003500008;06/01/06;4843.16;4867.15;4839.75;4867.15;4263423
FR0003500008;09/01/06;4875.12;4886.19;4870.93;4875.09;4959801
FR0003500008;10/01/06;4868.90;4868.90;4838.48;4861.93;4471657
FR0003500008;11/01/06;4893.75;4897.58;4866.76;4890.49;4439791
FR0003500008;12/01/06;4875.88;4898.05;4872.52;4890.24;6003004
FR0003500008;13/01/06;4876.41;4876.41;4834.24;4850.53;4978176
FR0003500008;16/01/06;4844.13;4864.76;4844.13;4856.09;2914958
FR0003500008;17/01/06;4829.33;4829.33;4803.44;4807.14;4454099
FR0003500008;18/01/06;4748.72;4792.07;4730.38;4772.09;6279062
FR0003500008;19/01/06;4798.33;4815.81;4790.77;4814.09;4704699
FR0003500008;20/01/06;4828.71;4841.42;4773.48;4773.48;4976573
FR0003500008;23/01/06;4725.00;4754.78;4719.33;4751.99;4833066
FR0003500008;24/01/06;4758.93;4766.52;4739.76;4748.32;4706234
FR0003500008;25/01/06;4766.61;4794.22;4758.06;4791.00;4942818
FR0003500008;26/01/06;4801.84;4876.52;4800.21;4876.52;6504860
FR0003500008;27/01/06;4938.77;4956.60;4907.48;4956.60;7868814
FR0003500008;30/01/06;4945.83;4954.96;4934.62;4936.79;4725183
FR0003500008;31/01/06;4943.46;4970.21;4930.18;4947.99;5238392
FR0003500008;01/02/06;4946.77;5000.00;4936.59;4999.39;5049324
FR0003500008;02/02/06;5000.95;5012.38;4927.89;4927.89;5395739
FR0003500008;03/02/06;4945.38;4955.94;4905.63;4937.56;4777376
FR0003500008;06/02/06;4949.84;4960.67;4919.90;4934.59;4421599
FR0003500008;07/02/06;4951.99;4958.51;4906.36;4935.40;5321066
FR0003500008;08/02/06;4893.15;4909.68;4875.80;4895.08;4857707
FR0003500008;09/02/06;4925.71;4958.79;4921.60;4955.74;5211690
FR0003500008;10/02/06;4940.05;4963.69;4910.82;4910.82;4370922
FR0003500008;13/02/06;4916.36;4957.36;4898.96;4957.36;4670925
FR0003500008;14/02/06;4964.57;4975.41;4928.11;4961.34;5112590
FR0003500008;15/02/06;4957.12;4958.31;4922.81;4934.09;5266938
FR0003500008;16/02/06;4957.12;4973.89;4938.37;4973.09;4351416
FR0003500008;17/02/06;4975.73;5003.39;4965.57;5000.00;4418977
FR0003500008;20/02/06;4981.31;4985.66;4971.25;4979.94;2895794
FR0003500008;21/02/06;4997.94;5024.51;4974.51;4991.93;5200954
FR0003500008;22/02/06;4984.97;5041.60;4984.12;5041.60;5094643
FR0003500008;23/02/06;5051.77;5060.27;5020.04;5040.39;6338768
FR0003500008;24/02/06;5051.63;5073.95;5036.17;5073.95;4393867
FR0003500008;27/02/06;5082.13;5085.20;5058.09;5080.52;5427322
FR0003500008;28/02/06;5082.91;5082.91;4998.13;5000.45;6923452
FR0003500008;01/03/06;5010.17;5059.03;5006.00;5057.61;5105777
FR0003500008;02/03/06;5051.63;5077.58;4990.48;5009.09;5842275
FR0003500008;03/03/06;5012.94;5030.36;4966.71;4989.15;5509447
FR0003500008;06/03/06;5025.72;5037.05;5010.72;5010.72;5321995
FR0003500008;07/03/06;4989.93;4996.69;4968.72;4992.21;5592022
FR0003500008;08/03/06;5000.99;5005.88;4927.79;4969.51;6735973
FR0003500008;09/03/06;5007.96;5012.42;4981.05;5007.84;5985425
FR0003500008;10/03/06;4993.91;5069.27;4986.92;5069.27;5271109
FR0003500008;13/03/06;5094.23;5112.70;5085.74;5107.47;4600343
FR0003500008;14/03/06;5095.24;5117.16;5088.12;5117.16;4549615
FR0003500008;15/03/06;5131.04;5141.55;5119.61;5127.93;5302926
FR0003500008;16/03/06;5130.54;5136.64;5105.62;5126.01;4637657
FR0003500008;17/03/06;5133.09;5171.38;5124.75;5141.08;7038744
FR0003500008;20/03/06;5161.21;5174.14;5131.31;5138.51;4283217
FR0003500008;21/03/06;5136.92;5148.56;5098.38;5148.56;4897123
FR0003500008;22/03/06;5142.47;5201.28;5132.95;5194.78;7813785
FR0003500008;23/03/06;5204.68;5205.61;5179.66;5194.78;5046735
FR0003500008;24/03/06;5198.27;5226.37;5194.20;5218.71;5083109
FR0003500008;27/03/06;5212.39;5218.85;5162.07;5162.44;3725359
FR0003500008;28/03/06;5170.97;5189.94;5134.34;5149.99;4567956
FR0003500008;29/03/06;5144.12;5189.62;5143.66;5180.25;3898673
FR0003500008;30/03/06;5204.91;5246.74;5203.36;5240.10;4880890
FR0003500008;31/03/06;5227.05;5247.31;5211.07;5220.85;4822121
FR0003500008;03/04/06;5251.56;5258.51;5231.10;5255.26;4731050
FR0003500008;04/04/06;5241.71;5241.71;5203.91;5205.81;4932535
FR0003500008;05/04/06;5214.44;5230.87;5187.33;5221.03;5080060
FR0003500008;06/04/06;5232.41;5245.56;5200.46;5222.36;4931142
FR0003500008;07/04/06;5221.84;5241.00;5174.96;5174.96;5550001
FR0003500008;10/04/06;5170.05;5190.87;5155.83;5190.27;3735481
FR0003500008;11/04/06;5189.19;5197.41;5106.18;5112.60;5552009
FR0003500008;12/04/06;5106.48;5110.80;5058.35;5085.11;5399959
FR0003500008;13/04/06;5097.78;5109.61;5069.47;5102.62;3672802
FR0003500008;18/04/06;5097.56;5101.93;5073.51;5095.97;3609963
FR0003500008;19/04/06;5150.39;5171.76;5125.57;5158.14;4837533
FR0003500008;20/04/06;5158.24;5227.13;5158.24;5206.79;5334168
FR0003500008;21/04/06;5223.83;5252.38;5221.56;5252.38;4875335
FR0003500008;24/04/06;5227.70;5239.38;5219.27;5221.44;3857657
FR0003500008;25/04/06;5238.64;5255.15;5227.94;5235.34;4675323
FR0003500008;26/04/06;5244.47;5261.60;5241.99;5252.32;4404953
FR0003500008;27/04/06;5257.76;5257.76;5169.98;5213.55;6465617
FR0003500008;28/04/06;5211.14;5219.07;5184.27;5188.40;4945889
FR0003500008;02/05/06;5187.34;5249.47;5185.68;5241.19;4845005
FR0003500008;03/05/06;5260.57;5267.51;5193.94;5193.94;5371300
FR0003500008;04/05/06;5198.12;5241.49;5187.72;5233.70;4646139
FR0003500008;05/05/06;5244.21;5287.24;5237.52;5286.40;4672112
FR0003500008;08/05/06;5297.50;5315.03;5277.31;5282.40;3836876
FR0003500008;09/05/06;5292.29;5312.18;5272.82;5312.18;4532900
FR0003500008;10/05/06;5285.15;5310.65;5276.46;5278.27;5242363
FR0003500008;11/05/06;5284.06;5329.16;5259.12;5262.94;7554594
FR0003500008;12/05/06;5226.81;5238.40;5150.45;5150.45;9375055
FR0003500008;15/05/06;5130.53;5137.43;5052.80;5064.85;8387002
FR0003500008;16/05/06;5065.49;5100.71;5042.22;5081.69;6810160
FR0003500008;17/05/06;5103.58;5110.20;4920.31;4920.31;7634176
FR0003500008;18/05/06;4922.31;4959.81;4841.77;4908.69;7675896
FR0003500008;19/05/06;4933.73;4964.84;4906.74;4944.57;7231942
FR0003500008;22/05/06;4934.11;4934.11;4798.81;4813.50;7268903
FR0003500008;23/05/06;4847.52;4963.10;4847.52;4931.53;7713867
FR0003500008;24/05/06;4892.71;4908.77;4822.60;4870.02;6183472
FR0003500008;25/05/06;4878.51;4949.53;4840.58;4949.53;4144730
FR0003500008;26/05/06;4993.01;5045.09;4970.08;5045.09;6603920
FR0003500008;29/05/06;5022.86;5026.36;5009.17;5015.32;1960675
FR0003500008;30/05/06;5010.35;5023.41;4882.72;4893.87;6474194
FR0003500008;31/05/06;4834.56;4937.91;4821.13;4930.18;6452951
FR0003500008;01/06/06;4927.13;4954.46;4885.34;4947.29;4623089
FR0003500008;02/06/06;5000.45;5023.17;4937.81;4959.70;4986059
FR0003500008;05/06/06;4960.16;4970.51;4906.46;4916.04;2900608
FR0003500008;06/06/06;4834.44;4857.39;4786.43;4797.92;5609093
FR0003500008;07/06/06;4820.29;4832.50;4767.32;4824.77;5188528
FR0003500008;08/06/06;4706.39;4762.74;4684.34;4684.34;8123909
FR0003500008;09/06/06;4757.55;4785.59;4736.49;4768.18;5123846
FR0003500008;12/06/06;4757.56;4780.08;4720.16;4723.18;3677795
FR0003500008;13/06/06;4635.30;4660.34;4594.34;4617.59;6604014
FR0003500008;14/06/06;4622.22;4642.15;4564.69;4615.44;8058345
FR0003500008;15/06/06;4639.40;4729.80;4639.40;4724.58;6373759
FR0003500008;16/06/06;4789.94;4801.63;4681.47;4694.89;10957876
FR0003500008;19/06/06;4722.62;4772.62;4718.72;4729.02;4829751
FR0003500008;20/06/06;4687.39;4770.42;4678.37;4770.42;4966098
FR0003500008;21/06/06;4780.45;4785.86;4711.17;4774.73;4917861
FR0003500008;22/06/06;4828.63;4838.54;4775.59;4803.29;4297898
FR0003500008;23/06/06;4812.80;4834.20;4788.80;4817.63;3647520
FR0003500008;26/06/06;4838.72;4842.80;4796.15;4801.49;5905312
FR0003500008;27/06/06;4829.16;4832.16;4766.10;4771.24;4529065
FR0003500008;28/06/06;4751.79;4802.61;4744.58;4774.00;4314394
FR0003500008;29/06/06;4814.91;4880.38;4800.49;4880.38;4883625
FR0003500008;30/06/06;4946.59;4974.53;4914.25;4965.96;5922893
FR0003500008;03/07/06;4967.07;4982.84;4952.16;4980.62;4776760
FR0003500008;04/07/06;4985.84;4985.84;4948.41;4983.88;2505912
FR0003500008;05/07/06;4959.93;4963.44;4902.57;4921.30;4752661
FR0003500008;06/07/06;4935.28;4971.69;4933.19;4966.45;5227600
FR0003500008;07/07/06;4950.71;4977.68;4921.57;4953.71;3992591
FR0003500008;10/07/06;4939.20;4989.29;4908.98;4982.48;3934937
FR0003500008;11/07/06;4954.15;4975.78;4903.28;4914.39;6095288
FR0003500008;12/07/06;4946.12;4978.73;4932.70;4941.73;4802785
FR0003500008;13/07/06;4903.58;4904.01;4834.81;4852.52;6193227
FR0003500008;14/07/06;4811.80;4842.85;4780.79;4780.79;3574812
FR0003500008;17/07/06;4790.92;4790.92;4710.61;4750.08;4297477
FR0003500008;18/07/06;4740.01;4763.83;4715.62;4734.54;4313336
FR0003500008;19/07/06;4733.27;4846.54;4733.27;4846.54;4644508
FR0003500008;20/07/06;4870.27;4895.10;4854.58;4865.04;3794130
FR0003500008;21/07/06;4841.28;4860.49;4802.59;4818.55;3884534
FR0003500008;24/07/06;4827.07;4919.44;4826.17;4914.93;3353685
FR0003500008;25/07/06;4931.94;4958.05;4915.90;4933.12;3855316
FR0003500008;26/07/06;4937.07;4954.80;4925.47;4943.00;4256181
FR0003500008;27/07/06;4974.42;5001.21;4961.54;5001.21;6086155
FR0003500008;28/07/06;4978.07;5030.78;4962.54;5028.51;4510695
FR0003500008;31/07/06;5024.51;5034.06;5006.28;5009.42;3040527
FR0003500008;01/08/06;5010.95;5024.09;4932.41;4948.23;3888776
FR0003500008;02/08/06;4984.11;5027.20;4976.51;5026.25;4745874
FR0003500008;03/08/06;5034.46;5038.68;4958.18;4983.68;4822253
FR0003500008;04/08/06;5013.43;5060.47;4995.77;5040.95;4759607
FR0003500008;07/08/06;4980.44;4995.50;4950.18;4956.34;3490759
FR0003500008;08/08/06;4986.91;4991.49;4943.57;4967.95;3556904
FR0003500008;09/08/06;4982.84;5033.19;4948.18;5025.15;4131584
FR0003500008;10/08/06;4973.73;4986.60;4935.96;4976.64;4025087
FR0003500008;11/08/06;4993.13;5015.01;4962.62;4985.52;3129016
FR0003500008;14/08/06;5019.17;5050.40;5015.48;5046.93;2609028
FR0003500008;15/08/06;5033.20;5125.62;5031.22;5115.02;3495062
FR0003500008;16/08/06;5117.22;5140.73;5102.23;5137.31;4185205
FR0003500008;17/08/06;5139.78;5144.84;5122.40;5144.84;3983911
FR0003500008;18/08/06;5142.67;5157.60;5127.44;5135.69;4016848
FR0003500008;21/08/06;5126.74;5136.22;5094.73;5104.65;2697472
FR0003500008;22/08/06;5126.19;5131.18;5072.73;5128.33;3420671
FR0003500008;23/08/06;5126.55;5131.51;5075.44;5082.73;3121035
FR0003500008;24/08/06;5085.44;5128.96;5064.83;5112.85;3430913
FR0003500008;25/08/06;5118.41;5133.78;5089.45;5111.13;2627820
FR0003500008;28/08/06;5104.38;5154.27;5083.01;5148.52;1925840
FR0003500008;29/08/06;5151.68;5183.47;5144.48;5160.32;3520741
FR0003500008;30/08/06;5176.97;5196.91;5162.71;5182.79;3546306
FR0003500008;31/08/06;5196.08;5196.90;5157.56;5165.04;4234219
FR0003500008;01/09/06;5181.98;5206.23;5170.01;5183.45;4172612
FR0003500008;04/09/06;5195.18;5209.06;5190.38;5203.24;3017299
FR0003500008;05/09/06;5201.96;5202.44;5147.33;5172.85;3437298
FR0003500008;06/09/06;5173.36;5179.88;5107.95;5115.52;4517003
FR0003500008;07/09/06;5090.24;5090.27;5043.76;5060.09;4819333
FR0003500008;08/09/06;5072.75;5091.32;5058.07;5073.57;3628048
FR0003500008;11/09/06;5042.88;5058.31;5018.18;5058.31;3730930
FR0003500008;12/09/06;5042.88;5129.36;5037.73;5125.97;4980346
FR0003500008;13/09/06;5142.98;5152.89;5113.22;5137.93;4046428
FR0003500008;14/09/06;5149.09;5165.39;5106.25;5123.85;4203462
FR0003500008;15/09/06;5131.02;5163.06;5112.88;5144.88;9442267
FR0003500008;18/09/06;5152.90;5159.46;5119.36;5146.96;3496059
FR0003500008;19/09/06;5148.68;5151.78;5091.94;5115.99;4332126
FR0003500008;20/09/06;5110.61;5199.11;5106.01;5192.74;4961354
FR0003500008;21/09/06;5190.28;5222.83;5175.18;5208.32;5233735
FR0003500008;22/09/06;5169.51;5182.73;5122.77;5141.95;3915990
FR0003500008;25/09/06;5156.44;5183.89;5126.39;5146.49;4081830
FR0003500008;26/09/06;5184.83;5229.14;5176.65;5219.59;4846820
FR0003500008;27/09/06;5240.98;5252.75;5208.89;5243.10;5392489
FR0003500008;28/09/06;5237.58;5263.44;5232.78;5250.01;5023410
FR0003500008;29/09/06;5258.84;5285.34;5246.98;5250.01;3849266
FR0003500008;02/10/06;5268.63;5276.23;5229.22;5243.13;4082348
FR0003500008;03/10/06;5223.75;5230.51;5196.07;5219.79;4269507
FR0003500008;04/10/06;5219.25;5261.24;5216.36;5256.55;5589643
FR0003500008;05/10/06;5298.06;5300.18;5278.04;5288.53;5305792
FR0003500008;06/10/06;5295.00;5295.00;5259.22;5282.06;4631945
FR0003500008;09/10/06;5261.87;5291.32;5261.77;5284.74;3585361
FR0003500008;10/10/06;5297.04;5313.82;5285.36;5309.79;4884218
FR0003500008;11/10/06;5297.88;5313.72;5271.56;5313.19;5110508
FR0003500008;12/10/06;5317.25;5363.87;5310.42;5361.51;6433589
FR0003500008;13/10/06;5368.80;5372.81;5344.69;5353.23;4792485
FR0003500008;16/10/06;5359.00;5366.26;5341.63;5361.97;3706026
FR0003500008;17/10/06;5347.89;5353.67;5298.88;5302.99;4861789
FR0003500008;18/10/06;5328.24;5381.90;5324.25;5361.29;4829953
FR0003500008;19/10/06;5337.60;5377.74;5329.68;5359.74;4225129
FR0003500008;20/10/06;5373.20;5399.83;5359.80;5375.35;4812688
FR0003500008;23/10/06;5391.78;5420.23;5361.38;5411.81;3249469
FR0003500008;24/10/06;5407.79;5411.37;5388.14;5404.54;4738847
FR0003500008;25/10/06;5398.17;5427.10;5395.72;5422.28;5056171
FR0003500008;26/10/06;5447.78;5458.21;5421.79;5433.79;6051536
FR0003500008;27/10/06;5436.62;5448.67;5373.26;5396.03;4909899
FR0003500008;30/10/06;5352.87;5365.89;5341.77;5362.23;4115180
FR0003500008;31/10/06;5349.95;5372.35;5337.11;5348.73;5232402
FR0003500008;01/11/06;5351.36;5387.77;5340.06;5370.86;3126681
FR0003500008;02/11/06;5345.66;5354.92;5290.27;5310.07;4713376
FR0003500008;03/11/06;5325.05;5359.74;5305.72;5336.30;4310367
FR0003500008;06/11/06;5351.46;5402.36;5347.40;5402.36;3876591
FR0003500008;07/11/06;5407.16;5447.02;5400.72;5437.78;4750853
FR0003500008;08/11/06;5411.05;5441.91;5403.38;5437.16;4250097
FR0003500008;09/11/06;5443.73;5451.35;5426.25;5448.60;4647798
FR0003500008;10/11/06;5430.96;5454.60;5418.98;5447.50;4120750
FR0003500008;13/11/06;5445.47;5502.39;5444.01;5490.56;4102768
FR0003500008;14/11/06;5498.80;5500.72;5459.89;5476.28;4409175
FR0003500008;15/11/06;5504.38;5511.53;5486.24;5511.53;3905115
FR0003500008;16/11/06;5500.68;5518.43;5490.87;5505.72;4757770
FR0003500008;17/11/06;5479.96;5489.12;5422.01;5439.71;5495857
FR0003500008;20/11/06;5414.31;5466.83;5394.05;5454.74;3569036
FR0003500008;21/11/06;5451.98;5486.21;5449.90;5459.35;3730603
FR0003500008;22/11/06;5481.21;5494.34;5439.25;5452.49;5008769
FR0003500008;23/11/06;5465.73;5470.75;5399.81;5424.86;3337546
FR0003500008;24/11/06;5407.23;5416.36;5349.67;5389.46;4452186
FR0003500008;27/11/06;5377.25;5402.09;5308.65;5308.65;5119818
FR0003500008;28/11/06;5304.50;5321.11;5272.47;5306.24;4980140
FR0003500008;29/11/06;5336.39;5381.25;5317.42;5381.25;5062047
FR0003500008;30/11/06;5388.38;5398.96;5325.26;5327.64;5654317
FR0003500008;01/12/06;5341.62;5365.30;5239.84;5254.05;7948226
FR0003500008;04/12/06;5268.24;5299.12;5246.38;5296.08;4770063
FR0003500008;05/12/06;5311.88;5374.11;5298.93;5359.69;6174324
FR0003500008;06/12/06;5362.64;5376.15;5325.05;5350.62;4604075
FR0003500008;07/12/06;5331.43;5401.49;5330.98;5379.21;5195219
FR0003500008;08/12/06;5354.76;5387.70;5329.49;5384.16;5034164
FR0003500008;11/12/06;5413.13;5432.35;5401.38;5427.56;5279429
FR0003500008;12/12/06;5429.36;5432.57;5406.55;5426.82;5522962
FR0003500008;13/12/06;5428.49;5480.40;5421.84;5475.85;6244072
FR0003500008;14/12/06;5496.13;5516.50;5490.31;5509.58;5457780
FR0003500008;15/12/06;5525.38;5553.45;5515.45;5541.62;7951035
FR0003500008;18/12/06;5533.08;5545.00;5526.83;5530.32;4877039
FR0003500008;19/12/06;5498.48;5507.75;5464.87;5484.76;4588910
FR0003500008;20/12/06;5512.31;5524.98;5507.87;5514.42;4579466
FR0003500008;21/12/06;5499.43;5527.11;5496.96;5510.39;4417281
FR0003500008;22/12/06;5496.54;5503.20;5453.11;5453.94;3259275
FR0003500008;27/12/06;5482.68;5540.01;5478.85;5540.01;2660445
FR0003500008;28/12/06;5546.74;5549.47;5520.77;5533.36;2249628
FR0003500008;29/12/06;5531.63;5553.86;5531.63;5541.76;2336461
FR0003500008;02/01/07;5575.76;5621.65;5575.63;5617.71;3769094
FR0003500008;03/01/07;5621.00;5623.67;5596.82;5610.92;4675299
FR0003500008;04/01/07;5573.73;5585.54;5547.51;5574.56;5466456
FR0003500008;05/01/07;5552.64;5566.24;5517.35;5517.35;5560677
FR0003500008;08/01/07;5552.64;5555.67;5509.06;5518.59;5017563
FR0003500008;09/01/07;5549.01;5563.48;5532.62;5533.03;6472961
FR0003500008;10/01/07;5505.36;5524.11;5473.47;5501.95;5849857
FR0003500008;11/01/07;5523.72;5609.80;5515.60;5609.80;7032941
FR0003500008;12/01/07;5597.02;5619.93;5589.03;5617.62;5748960
FR0003500008;15/01/07;5641.37;5649.76;5623.35;5631.08;4136860
FR0003500008;16/01/07;5637.27;5645.20;5588.77;5591.54;4987150
FR0003500008;17/01/07;5592.31;5602.68;5538.48;5561.78;5364507
FR0003500008;18/01/07;5584.75;5609.34;5539.82;5555.04;7767150
FR0003500008;19/01/07;5554.50;5623.40;5529.44;5614.70;7731053
FR0003500008;22/01/07;5630.41;5639.70;5576.56;5579.78;5948609
FR0003500008;23/01/07;5582.99;5592.82;5539.76;5575.07;6590576
FR0003500008;24/01/07;5595.96;5646.14;5593.36;5638.08;6078016
FR0003500008;25/01/07;5649.01;5658.08;5590.65;5609.20;6490182
FR0003500008;26/01/07;5577.31;5611.84;5547.68;5582.30;6448117
FR0003500008;29/01/07;5584.31;5630.33;5582.43;5619.70;4848963
FR0003500008;30/01/07;5610.89;5653.88;5603.23;5645.59;5084608
FR0003500008;31/01/07;5637.77;5653.76;5601.17;5608.31;5525173
FR0003500008;01/02/07;5664.09;5689.44;5657.23;5662.25;6112140
FR0003500008;02/02/07;5680.13;5693.47;5666.77;5677.30;5866264
FR0003500008;05/02/07;5671.23;5691.83;5659.36;5681.11;4694359
FR0003500008;06/02/07;5680.12;5699.27;5670.48;5676.78;4515086
FR0003500008;07/02/07;5687.27;5710.57;5681.89;5703.00;5464665
FR0003500008;08/02/07;5705.16;5711.04;5652.48;5665.10;5126664
FR0003500008;09/02/07;5699.18;5710.31;5688.94;5692.45;4989532
FR0003500008;12/02/07;5670.73;5670.73;5625.38;5643.95;4604070
FR0003500008;13/02/07;5656.48;5682.69;5651.27;5682.69;5501267
FR0003500008;14/02/07;5700.40;5725.84;5693.36;5725.84;6281841
FR0003500008;15/02/07;5724.54;5729.16;5704.67;5720.88;7621813
FR0003500008;16/02/07;5716.43;5728.36;5703.64;5713.59;5580957
FR0003500008;19/02/07;5723.05;5758.33;5717.37;5739.90;4147904
FR0003500008;20/02/07;5739.27;5744.78;5678.38;5713.45;5074797
FR0003500008;21/02/07;5732.80;5736.24;5677.59;5694.56;5401360
FR0003500008;22/02/07;5723.15;5737.36;5700.78;5707.86;5655461
FR0003500008;23/02/07;5723.79;5727.60;5688.83;5716.38;5857276
FR0003500008;26/02/07;5732.28;5771.69;5728.07;5762.54;5034710
FR0003500008;27/02/07;5719.04;5719.45;5581.98;5588.39;9771511
FR0003500008;28/02/07;5475.89;5555.99;5458.65;5516.32;11437369
FR0003500008;01/03/07;5502.09;5555.37;5355.75;5458.40;12604559
FR0003500008;02/03/07;5480.27;5499.22;5391.10;5424.70;8148527
FR0003500008;05/03/07;5325.14;5404.14;5303.29;5385.03;8241046
FR0003500008;06/03/07;5431.15;5443.95;5399.12;5437.13;7349343
FR0003500008;07/03/07;5458.30;5469.01;5430.70;5455.07;6915727
FR0003500008;08/03/07;5493.70;5529.31;5481.55;5524.26;6914117
FR0003500008;09/03/07;5515.92;5549.30;5473.32;5537.84;6307450
FR0003500008;12/03/07;5553.82;5565.42;5478.52;5496.07;5518231
FR0003500008;13/03/07;5498.58;5508.56;5432.51;5432.94;5717332
FR0003500008;14/03/07;5346.74;5365.89;5295.58;5296.22;9817071
FR0003500008;15/03/07;5376.36;5389.85;5320.37;5389.85;7367790
FR0003500008;16/03/07;5380.13;5420.62;5346.73;5382.16;8443709
FR0003500008;19/03/07;5435.37;5459.40;5411.54;5458.95;5345552
FR0003500008;20/03/07;5459.67;5504.84;5426.43;5503.27;6144554
FR0003500008;21/03/07;5499.05;5518.12;5490.58;5502.18;4976326
FR0003500008;22/03/07;5577.72;5610.43;5560.50;5598.37;6977809
FR0003500008;23/03/07;5589.80;5642.19;5576.82;5634.75;5820190
FR0003500008;26/03/07;5638.48;5638.63;5546.28;5576.30;5831390
FR0003500008;27/03/07;5609.66;5617.97;5572.01;5587.06;4507895
FR0003500008;28/03/07;5563.50;5574.91;5533.63;5552.69;5474926
FR0003500008;29/03/07;5579.99;5633.42;5578.84;5631.53;4727843
FR0003500008;30/03/07;5630.17;5674.26;5609.02;5634.16;4760537
FR0003500008;02/04/07;5623.40;5648.18;5609.28;5645.56;5094265
FR0003500008;03/04/07;5681.65;5713.53;5669.28;5711.91;5489034
FR0003500008;04/04/07;5730.28;5739.01;5707.39;5739.01;5335632
FR0003500008;05/04/07;5731.70;5751.33;5721.00;5741.38;3917402
FR0003500008;10/04/07;5750.47;5774.97;5725.93;5766.27;5829086
FR0003500008;11/04/07;5757.94;5798.21;5743.24;5751.92;5365218
FR0003500008;12/04/07;5744.42;5759.27;5701.35;5748.94;5578217
FR0003500008;13/04/07;5762.06;5794.62;5748.74;5789.34;4731911
FR0003500008;16/04/07;5815.36;5861.97;5806.52;5861.97;5726739
FR0003500008;17/04/07;5844.49;5871.86;5820.74;5858.14;6073559
FR0003500008;18/04/07;5849.20;5859.17;5813.46;5835.95;6574211
FR0003500008;19/04/07;5775.56;5834.25;5745.03;5829.04;7969967
FR0003500008;20/04/07;5856.50;5957.80;5855.26;5938.90;11103863
FR0003500008;23/04/07;5937.15;5958.47;5904.56;5917.32;6370305
FR0003500008;24/04/07;5911.65;5923.61;5860.69;5886.03;6735179
FR0003500008;25/04/07;5902.54;5962.21;5902.54;5947.33;6345235
FR0003500008;26/04/07;5979.96;5981.55;5930.91;5944.44;6387944
FR0003500008;27/04/07;5940.76;5950.99;5908.38;5930.77;6081576
FR0003500008;30/04/07;5913.03;5976.34;5913.03;5960.04;4600372
FR0003500008;02/05/07;5985.20;6001.17;5958.98;5990.13;6905492
FR0003500008;03/05/07;6018.59;6019.70;5969.71;6004.28;6480620
FR0003500008;04/05/07;6012.55;6075.58;5999.79;6068.83;7435199
FR0003500008;07/05/07;6079.86;6081.78;6058.92;6071.48;3872795
FR0003500008;08/05/07;6057.59;6064.20;6015.99;6034.25;5436457
FR0003500008;09/05/07;6070.18;6078.28;6020.69;6051.63;6770645
FR0003500008;10/05/07;6044.67;6058.10;6007.27;6012.76;7207417
FR0003500008;11/05/07;5956.00;6051.19;5927.51;6050.63;9009189
FR0003500008;14/05/07;6070.30;6070.30;6016.96;6026.42;5502961
FR0003500008;15/05/07;6001.75;6057.71;5987.49;6049.76;6623884
FR0003500008;16/05/07;6039.55;6053.02;6012.99;6017.91;6395259
FR0003500008;17/05/07;6044.15;6048.97;6010.76;6027.00;3892500
FR0003500008;18/05/07;6018.23;6111.72;6016.12;6101.14;7515549
FR0003500008;21/05/07;6091.59;6110.31;6062.33;6089.91;5541548
FR0003500008;22/05/07;6093.64;6106.98;6076.87;6089.72;5501589
FR0003500008;23/05/07;6093.61;6121.87;6093.32;6120.20;6320433
FR0003500008;24/05/07;6069.95;6110.36;6039.32;6048.31;6303186
FR0003500008;25/05/07;6019.68;6073.37;6011.49;6057.49;5358389
FR0003500008;28/05/07;6065.25;6072.22;6051.17;6071.47;869208
FR0003500008;29/05/07;6079.67;6079.67;6044.51;6056.39;4388764
FR0003500008;30/05/07;6015.75;6046.11;5986.26;6042.15;5454292
FR0003500008;31/05/07;6086.86;6119.33;6066.98;6104.00;7332480
FR0003500008;01/06/07;6113.18;6168.15;6105.61;6168.15;6544081
FR0003500008;04/06/07;6157.33;6163.90;6112.29;6125.81;5615521
FR0003500008;05/06/07;6140.06;6142.37;6077.77;6078.54;6361684
FR0003500008;06/06/07;6072.64;6080.70;5971.42;5977.87;7756895
FR0003500008;07/06/07;5982.54;5999.81;5879.05;5890.49;8665433
FR0003500008;08/06/07;5876.65;5913.74;5837.14;5883.29;8049166
FR0003500008;11/06/07;5939.34;5947.10;5915.06;5940.09;5726702
FR0003500008;12/06/07;5928.81;5944.59;5882.44;5898.16;6437776
FR0003500008;13/06/07;5878.84;5951.12;5851.48;5934.27;6542130
FR0003500008;14/06/07;5974.59;6047.23;5971.06;6047.23;9931284
FR0003500008;15/06/07;6063.52;6122.31;6056.68;6105.28;11434568
FR0003500008;18/06/07;6117.52;6118.82;6065.08;6087.15;6168082
FR0003500008;19/06/07;6091.92;6106.89;6058.36;6071.67;7001432
FR0003500008;20/06/07;6095.26;6132.14;6091.03;6093.29;6635981
FR0003500008;21/06/07;6043.18;6063.40;5995.37;6029.79;7906400
FR0003500008;22/06/07;6040.51;6055.32;6009.10;6023.25;6731882
FR0003500008;25/06/07;5971.96;6010.30;5944.77;6002.85;6699431
FR0003500008;26/06/07;5962.65;5987.26;5939.23;5953.36;6361985
FR0003500008;27/06/07;5921.46;5947.83;5897.80;5941.67;7012350
